BDGP_Result:
ACC_MEAN:82.24000000000001(0.42)
NMI_MEAN:65.75(1.1199999999999999)
ARI_MEAN:61.44(1.04)


